# Matter power spectrum P(k) at redshift z=0
# for k=2.09001e-07 to 345.411 h/Mpc,
# number of wavenumbers equal to 592
#    1:k (h/Mpc)              2:P (Mpc/h)^3        
       2.090008603260e-07       1.217967127071e+00 
       1.307652972558e-05       6.509391164830e+01 
       2.596187711742e-05       1.259014080648e+02 
       3.889956928323e-05       1.857545726939e+02 
       5.192446092655e-05       2.452308597512e+02 
       6.507204526698e-05       3.046816281874e+02 
       7.837877074008e-05       3.643770203804e+02 
       9.188236864722e-05       4.245508497287e+02 
       1.056221960829e-04       4.854198322169e+02 
       1.196395985024e-04       5.471939727185e+02 
       1.339782963238e-04       6.100827598348e+02 
       1.486847999522e-04       6.742996882019e+02 
       1.638088575395e-04       7.400657782233e+02 
       1.794039395776e-04       8.076126167910e+02 
       1.955277640073e-04       8.771851168909e+02 
       2.122428647910e-04       9.490441659082e+02 
       2.296172057195e-04       1.023469372447e+03 
       2.477248394105e-04       1.100761552329e+03 
       2.666466087923e-04       1.181245479317e+03 
       2.864708845568e-04       1.265272529035e+03 
       3.072943267769e-04       1.353223235025e+03 
       3.292226517252e-04       1.445509767910e+03 
       3.523713755012e-04       1.542578005475e+03 
       3.768664940138e-04       1.644909360461e+03 
       4.028450439565e-04       1.753021664911e+03 
       4.304554717643e-04       1.867469190797e+03 
       4.598577178180e-04       1.988841158223e+03 
       4.912229029373e-04       2.117758529129e+03 
       5.247324863004e-04       2.254868307587e+03 
       5.605767528243e-04       2.400835046778e+03 
       5.989524899120e-04       2.556328779793e+03 
       6.400597359533e-04       2.722009803158e+03 
       6.840975338625e-04       2.898509050650e+03 
       7.312587080381e-04       3.086405223046e+03 
       7.817238027947e-04       3.286199665246e+03 
       8.356544657402e-04       3.498289285441e+03 
       8.931867101208e-04       3.722940877092e+03 
       9.544246140418e-04       3.960268207220e+03 
       1.019435074594e-03       4.210214664103e+03 
       1.088244199927e-03       4.472543876493e+03 
       1.160835779883e-03       4.746840330131e+03 
       1.237152041931e-03       5.032518868885e+03 
       1.317096618077e-03       5.328844456648e+03 
       1.400539380301e-03       5.634932097309e+03 
       1.487322603764e-03       5.949838074447e+03 
       1.577267823563e-03       6.272565904131e+03 
       1.670182766739e-03       6.602074754101e+03 
       1.765867843895e-03       6.937323378989e+03 
       1.864121836527e-03       7.277291980719e+03 
       1.964746578145e-03       7.621003039088e+03 
       2.067550570242e-03       7.967533055317e+03 
       2.172351581739e-03       8.316021878487e+03 
       2.278978349043e-03       8.665678322494e+03 
       2.387271527468e-03       9.015781676209e+03 
       2.497084052102e-03       9.365679990651e+03 
       2.608281056191e-03       9.714789564443e+03 
       2.720739475757e-03       1.006258941061e+04 
       2.834347446154e-03       1.040861915730e+04 
       2.949003573468e-03       1.075247029996e+04 
       3.064616143161e-03       1.109378793742e+04 
       3.181102311058e-03       1.143225968263e+04 
       3.298387307900e-03       1.176761478165e+04 
       3.416403677963e-03       1.209961832418e+04 
       3.535090564175e-03       1.242806751365e+04 
       3.654393046395e-03       1.275278697258e+04 
       3.774261535360e-03       1.307362993829e+04 
       3.894651222088e-03       1.339046752326e+04 
       4.015521580689e-03       1.370319521678e+04 
       4.136835921472e-03       1.401172233121e+04 
       4.258560990616e-03       1.431597516538e+04 
       4.380666612469e-03       1.461589365019e+04 
       4.503125370488e-03       1.491143038064e+04 
       4.625912322978e-03       1.520254931025e+04 
       4.749004750019e-03       1.548920298970e+04 
       4.872381928218e-03       1.577138958703e+04 
       4.996024930237e-03       1.604911489867e+04 
       5.119916446308e-03       1.632234213146e+04 
       5.244040625267e-03       1.659111188649e+04 
       5.368382932867e-03       1.685545710688e+04 
       5.492930025394e-03       1.711532704131e+04 
       5.617669636841e-03       1.737077207301e+04 
       5.742590478078e-03       1.762178319593e+04 
       5.867682146649e-03       1.786787981068e+04 
       5.992935045989e-03       1.811008439746e+04 
       6.118340312991e-03       1.834792229346e+04 
       6.243889752983e-03       1.858143510347e+04 
       6.369575781292e-03       1.881051184004e+04 
       6.495391370649e-03       1.903555651883e+04 
       6.621330003814e-03       1.925629873069e+04 
       6.747385630830e-03       1.947277466310e+04 
       6.873552630420e-03       1.968509687717e+04 
       6.999825775077e-03       1.989343643478e+04 
       7.126200199450e-03       2.009785044848e+04 
       7.252671371700e-03       2.029791810770e+04 
       7.379235067485e-03       2.049399393116e+04 
       7.505887346335e-03       2.068636869155e+04 
       7.632624530154e-03       2.087482724362e+04 
       7.759443183643e-03       2.105964934257e+04 
       7.886340096451e-03       2.124013594094e+04 
       8.013312266880e-03       2.141677269739e+04 
       8.140356886996e-03       2.158995966277e+04 
       8.267471329018e-03       2.175911779412e+04 
       8.394653132842e-03       2.192488142187e+04 
       8.521899994616e-03       2.208767457091e+04 
       8.649209756254e-03       2.224606153903e+04 
       8.776580395811e-03       2.240091335445e+04 
       8.904010018625e-03       2.255158444960e+04 
       9.031496849183e-03       2.270006790749e+04 
       9.159039223617e-03       2.284357716803e+04 
       9.286635582799e-03       2.298456401709e+04 
       9.414284465964e-03       2.312194682769e+04 
       9.541984504832e-03       2.325722917686e+04 
       9.669734418172e-03       2.338817416756e+04 
       9.797533006778e-03       2.351519896382e+04 
       9.925379148823e-03       2.364020550794e+04 
       1.005327179556e-02       2.376035142329e+04 
       1.018120996733e-02       2.387881559436e+04 
       1.030919274989e-02       2.399472525344e+04 
       1.043721929096e-02       2.410591813838e+04 
       1.056528879706e-02       2.421548635587e+04 
       1.069340053058e-02       2.432070339084e+04 
       1.082155380702e-02       2.442332174278e+04 
       1.094974799243e-02       2.452357891664e+04 
       1.107798250109e-02       2.462081183435e+04 
       1.120625679329e-02       2.471547989387e+04 
       1.133457037326e-02       2.480559659275e+04 
       1.146292278734e-02       2.489464394045e+04 
       1.159131362212e-02       2.498015422458e+04 
       1.171974250288e-02       2.506349754689e+04 
       1.184820909201e-02       2.514357296203e+04 
       1.197671308761e-02       2.522194081701e+04 
       1.210525422215e-02       2.529708943289e+04 
       1.223383226126e-02       2.536945039613e+04 
       1.236244700257e-02       2.543910645417e+04 
       1.249109827465e-02       2.550660308565e+04 
       1.261978593603e-02       2.557042844947e+04 
       1.274850987429e-02       2.563261499876e+04 
       1.287727000519e-02       2.569295146658e+04 
       1.300606627191e-02       2.574914118291e+04 
       1.313489864430e-02       2.580541583181e+04 
       1.326376711821e-02       2.585779766121e+04 
       1.339267171489e-02       2.590685399073e+04 
       1.352161248041e-02       2.595610806671e+04 
       1.365058948510e-02       2.600168977386e+04 
       1.377960282313e-02       2.604380056025e+04 
       1.390865261203e-02       2.608484805865e+04 
       1.403773899228e-02       2.612505000296e+04 
       1.416686212700e-02       2.616132919461e+04 
       1.429602220157e-02       2.619648689228e+04 
       1.442521942335e-02       2.622892802002e+04 
       1.455445402141e-02       2.625780113448e+04 
       1.468372624635e-02       2.628752981718e+04 
       1.481303637002e-02       2.631367493118e+04 
       1.494238468541e-02       2.633727181736e+04 
       1.507177150645e-02       2.635879417411e+04 
       1.520119716793e-02       2.638032300907e+04 
       1.533066202540e-02       2.639875405399e+04 
       1.546016645506e-02       2.641516317183e+04 
       1.558971085376e-02       2.642898326164e+04 
       1.571929563893e-02       2.644239424928e+04 
       1.584892124860e-02       2.645190627742e+04 
       1.597858814140e-02       2.646227808939e+04 
       1.610829679662e-02       2.646868684917e+04 
       1.623804771423e-02       2.647405687639e+04 
       1.636784141496e-02       2.647884214259e+04 
       1.649767844045e-02       2.647985165651e+04 
       1.662755935326e-02       2.648091185705e+04 
       1.675748473710e-02       2.647890420279e+04 
       1.688745519692e-02       2.647576167387e+04 
       1.701747135908e-02       2.647108553984e+04 
       1.714753387156e-02       2.646551921480e+04 
       1.727764340413e-02       2.645715540116e+04 
       1.740780064859e-02       2.644746899960e+04 
       1.753800631899e-02       2.643671237560e+04 
       1.766826115187e-02       2.642428833107e+04 
       1.779856590655e-02       2.641030920349e+04 
       1.792892136542e-02       2.639469011467e+04 
       1.805932833420e-02       2.637806252422e+04 
       1.818978764231e-02       2.636003591748e+04 
       1.832030014313e-02       2.634000673277e+04 
       1.845086671445e-02       2.631987039467e+04 
       1.858148825875e-02       2.629710765874e+04 
       1.871216570362e-02       2.627252795541e+04 
       1.884290000217e-02       2.624753970531e+04 
       1.897369213342e-02       2.622166275609e+04 
       1.910454310276e-02       2.619350624581e+04 
       1.923545394240e-02       2.616498326556e+04 
       1.936642571184e-02       2.613457121145e+04 
       1.949745949833e-02       2.610329195311e+04 
       1.962855641743e-02       2.607105908547e+04 
       1.975971761350e-02       2.603685055321e+04 
       1.989094426026e-02       2.600214404778e+04 
       2.002223756132e-02       2.596614230821e+04 
       2.015359875084e-02       2.592835370913e+04 
       2.028502909405e-02       2.589047416223e+04 
       2.041652988793e-02       2.585067425588e+04 
       2.054810246183e-02       2.581068390206e+04 
       2.067974817815e-02       2.576861201061e+04 
       2.081146843302e-02       2.572624192040e+04 
       2.094326465702e-02       2.568303753485e+04 
       2.107513831591e-02       2.563814353734e+04 
       2.120709091140e-02       2.559230529171e+04 
       2.133912398191e-02       2.554632520572e+04 
       2.147123910338e-02       2.549867316549e+04 
       2.160343789014e-02       2.544996892524e+04 
       2.173572199574e-02       2.540112755897e+04 
       2.186809311380e-02       2.535072186410e+04 
       2.200055297902e-02       2.530003026659e+04 
       2.213310336804e-02       2.524798695791e+04 
       2.226574610043e-02       2.519469663424e+04 
       2.239848303972e-02       2.514107303098e+04 
       2.253131609442e-02       2.508679197391e+04 
       2.266424721907e-02       2.503163027901e+04 
       2.279727841538e-02       2.497568340120e+04 
       2.293041173330e-02       2.491891750343e+04 
       2.306364927226e-02       2.486199918342e+04 
       2.319699318235e-02       2.480334521855e+04 
       2.333044566554e-02       2.474476818786e+04 
       2.346400897700e-02       2.468484046436e+04 
       2.359768542641e-02       2.462503706224e+04 
       2.373147737933e-02       2.456413367882e+04 
       2.386538725858e-02       2.450205563398e+04 
       2.399941754577e-02       2.443985892460e+04 
       2.413357078271e-02       2.437693985640e+04 
       2.426784957303e-02       2.431353424907e+04 
       2.440225658374e-02       2.424949128402e+04 
       2.453679454691e-02       2.418476583427e+04 
       2.467146626133e-02       2.411971119990e+04 
       2.480627459433e-02       2.405421954605e+04 
       2.494122248356e-02       2.398791175753e+04 
       2.507631293888e-02       2.392079811161e+04 
       2.521154904429e-02       2.385344336301e+04 
       2.534693395995e-02       2.378571591977e+04 
       2.548247092424e-02       2.371735032394e+04 
       2.561816325591e-02       2.364856685096e+04 
       2.575401435631e-02       2.357931396910e+04 
       2.589002771163e-02       2.350987856898e+04 
       2.602620689533e-02       2.343968000018e+04 
       2.616255557054e-02       2.336908646394e+04 
       2.629907749263e-02       2.329813915814e+04 
       2.643577651180e-02       2.322680276519e+04 
       2.657265657583e-02       2.315502201579e+04 
       2.670972173286e-02       2.308291436798e+04 
       2.684697613431e-02       2.301028482829e+04 
       2.698442403793e-02       2.293735069561e+04 
       2.712206981084e-02       2.286432928410e+04 
       2.725991793285e-02       2.279062894517e+04 
       2.739797299977e-02       2.271700479334e+04 
       2.753623972690e-02       2.264270571970e+04 
       2.767472295263e-02       2.256840084639e+04 
       2.781342764218e-02       2.249362615779e+04 
       2.795235889149e-02       2.241865189464e+04 
       2.809152193123e-02       2.234335124078e+04 
       2.823092213099e-02       2.226783290858e+04 
       2.837056500362e-02       2.219195753483e+04 
       2.851045620976e-02       2.211595457440e+04 
       2.865060156246e-02       2.203969167272e+04 
       2.879100703213e-02       2.196306580810e+04 
       2.893167875152e-02       2.188652360674e+04 
       2.907262302105e-02       2.180951660272e+04 
       2.921384631425e-02       2.173232748545e+04 
       2.935535528344e-02       2.165508130996e+04 
       2.949715676568e-02       2.157775964819e+04 
       2.963925778894e-02       2.150005626696e+04 
       2.978166557851e-02       2.142224309366e+04 
       2.992438756373e-02       2.134436366375e+04 
       3.006743138492e-02       2.126629926004e+04 
       3.021080490068e-02       2.118803914018e+04 
       3.035451619550e-02       2.110971620550e+04 
       3.049857358762e-02       2.103121578165e+04 
       3.064298563734e-02       2.095268734932e+04 
       3.078776115563e-02       2.087397104900e+04 
       3.093290921312e-02       2.079517997155e+04 
       3.107843914954e-02       2.071636511893e+04 
       3.122436058354e-02       2.063749418814e+04 
       3.137068342297e-02       2.055848655958e+04 
       3.151741787568e-02       2.047941525443e+04 
       3.166457446071e-02       2.040017558315e+04 
       3.181216402014e-02       2.032083047981e+04 
       3.196019773144e-02       2.024167600096e+04 
       3.210868712035e-02       2.016211609173e+04 
       3.225764407450e-02       2.008276745048e+04 
       3.240708085760e-02       2.000350518071e+04 
       3.255701012439e-02       1.992388907254e+04 
       3.270744493628e-02       1.984439952539e+04 
       3.285839877784e-02       1.976481678893e+04 
       3.300988557402e-02       1.968534232651e+04 
       3.316191970841e-02       1.960577132398e+04 
       3.331451604228e-02       1.952619790092e+04 
       3.346768993474e-02       1.944659525865e+04 
       3.362145726389e-02       1.936693720549e+04 
       3.377583444913e-02       1.928728049823e+04 
       3.393083847468e-02       1.920770019843e+04 
       3.408648691437e-02       1.912811393254e+04 
       3.424279795779e-02       1.904866376611e+04 
       3.439979043792e-02       1.896904456491e+04 
       3.455748386029e-02       1.888949056773e+04 
       3.471589843383e-02       1.880993546824e+04 
       3.487505510348e-02       1.873048877781e+04 
       3.503497558470e-02       1.865094547031e+04 
       3.519568240002e-02       1.857145694117e+04 
       3.535719891779e-02       1.849207069244e+04 
       3.551954939321e-02       1.841263390850e+04 
       3.568275901195e-02       1.833330762033e+04 
       3.584685393639e-02       1.825393394794e+04 
       3.601186135478e-02       1.817467682260e+04 
       3.617780953356e-02       1.809537673262e+04 
       3.634472787295e-02       1.801619380988e+04 
       3.651264696617e-02       1.793697239597e+04 
       3.668159866267e-02       1.785785586885e+04 
       3.685161613537e-02       1.777866407283e+04 
       3.702273395260e-02       1.769956170953e+04 
       3.719498815490e-02       1.762053316428e+04 
       3.736841633713e-02       1.754157624342e+04 
       3.754305773635e-02       1.746259059512e+04 
       3.771895332599e-02       1.738364345902e+04 
       3.789614591674e-02       1.730461987304e+04 
       3.807468026492e-02       1.722572814455e+04 
       3.825460318882e-02       1.714698231465e+04 
       3.843596369380e-02       1.706808787865e+04 
       3.861881310701e-02       1.698935634654e+04 
       3.880320522248e-02       1.691054035992e+04 
       3.898919645764e-02       1.683168661336e+04 
       3.917684602241e-02       1.675290631755e+04 
       3.936621610189e-02       1.667418522488e+04 
       3.955737205420e-02       1.659555721339e+04 
       3.975038262483e-02       1.651670427838e+04 
       3.994532017921e-02       1.643800247659e+04 
       4.014226095539e-02       1.635926739293e+04 
       4.034128533895e-02       1.628057084790e+04 
       4.054247816239e-02       1.620175332814e+04 
       4.074592903183e-02       1.612292507503e+04 
       4.095173268380e-02       1.604415813408e+04 
       4.115998937567e-02       1.596522271739e+04 
       4.137080531345e-02       1.588633073649e+04 
       4.158429312126e-02       1.580736473596e+04 
       4.180057235747e-02       1.572833523623e+04 
       4.201977008306e-02       1.564910059271e+04 
       4.224202148853e-02       1.557003849477e+04 
       4.246747058675e-02       1.549060419700e+04 
       4.269627098010e-02       1.541128950972e+04 
       4.292858671143e-02       1.533173909300e+04 
       4.316459321010e-02       1.525196467392e+04 
       4.340447834567e-02       1.517209507813e+04 
       4.364844360429e-02       1.509226509902e+04 
       4.389670540488e-02       1.501196953456e+04 
       4.414949657517e-02       1.493167689913e+04 
       4.440706801118e-02       1.485109136151e+04 
       4.466969054740e-02       1.477025252878e+04 
       4.493765707023e-02       1.468914684579e+04 
       4.521128491260e-02       1.460770683873e+04 
       4.549091857508e-02       1.452604953935e+04 
       4.577693282689e-02       1.444410498173e+04 
       4.606973625101e-02       1.436163769382e+04 
       4.636977530972e-02       1.427877082920e+04 
       4.667753902248e-02       1.419576410396e+04 
       4.699356436727e-02       1.411192832356e+04 
       4.731844253945e-02       1.402759715288e+04 
       4.765282623177e-02       1.394290649070e+04 
       4.799743813490e-02       1.385755344977e+04 
       4.835308090340e-02       1.377137001551e+04 
       4.872064888882e-02       1.368427282483e+04 
       4.910114201310e-02       1.359686773342e+04 
       4.949568224635e-02       1.350796343096e+04 
       4.990553326781e-02       1.341836197300e+04 
       5.033212403547e-02       1.332773410352e+04 
       5.077707717602e-02       1.323585985844e+04 
       5.124224334496e-02       1.314256770690e+04 
       5.172974300887e-02       1.304798292895e+04 
       5.224201748513e-02       1.295193225800e+04 
       5.278189155471e-02       1.285374470467e+04 
       5.335265055498e-02       1.275301739049e+04 
       5.395813556600e-02       1.265006316165e+04 
       5.460286109881e-02       1.254428273098e+04 
       5.529216048726e-02       1.243479083327e+04 
       5.603236474447e-02       1.232204593208e+04 
       5.683102045944e-02       1.220429480186e+04 
       5.769715031626e-02       1.208083478345e+04 
       5.864155393962e-02       1.195054674847e+04 
       5.967713314443e-02       1.181168511729e+04 
       6.081919764790e-02       1.166210608899e+04 
       6.208565484344e-02       1.149883826873e+04 
       6.349689911501e-02       1.131804005891e+04 
       6.507509163692e-02       1.111479994689e+04 
       6.684240337206e-02       1.088225480867e+04 
       6.881782738092e-02       1.061366676881e+04 
       7.101262719870e-02       1.030064034786e+04 
       7.342557598638e-02       9.938699825339e+03 
       7.604037226247e-02       9.525992211559e+03 
       7.882750042270e-02       9.067682415993e+03 
       8.175037284384e-02       8.575707466875e+03 
       8.477270110878e-02       8.068363518318e+03 
       8.786373199783e-02       7.564778451162e+03 
       9.100018188211e-02       7.084106401882e+03 
       9.416575206928e-02       6.641525572787e+03 
       9.734961737922e-02       6.247441465221e+03 
       1.005448289772e-01       5.907272044732e+03 
       1.037470215709e-01       5.621253350507e+03 
       1.069534894427e-01       5.386038733554e+03 
       1.101625692703e-01       5.194514903783e+03 
       1.133732435984e-01       5.037956009872e+03 
       1.165848918512e-01       4.906248032813e+03 
       1.197971361169e-01       4.789100966197e+03 
       1.230097464121e-01       4.676749636075e+03 
       1.262225827734e-01       4.561323368933e+03 
       1.294355599654e-01       4.436613674377e+03 
       1.326486260100e-01       4.299351876896e+03 
       1.358617491380e-01       4.148752605191e+03 
       1.390749098636e-01       3.986294061486e+03 
       1.422880961720e-01       3.815701830135e+03 
       1.455013005972e-01       3.641655474727e+03 
       1.487145184470e-01       3.469549304096e+03 
       1.519277467259e-01       3.304102362186e+03 
       1.551409834787e-01       3.149823890788e+03 
       1.583542273928e-01       3.009857199875e+03 
       1.615674775544e-01       2.886057943609e+03 
       1.647807333013e-01       2.779042798334e+03 
       1.679939941313e-01       2.688089574658e+03 
       1.712072596469e-01       2.611568315197e+03 
       1.744205295206e-01       2.546938966862e+03 
       1.776338034737e-01       2.491264226515e+03 
       1.808470812622e-01       2.441439556259e+03 
       1.840603626687e-01       2.394651631780e+03 
       1.872736474962e-01       2.348188662097e+03 
       1.904869355649e-01       2.299535159125e+03 
       1.937002267086e-01       2.246953290177e+03 
       1.969135207735e-01       2.189883232409e+03 
       2.001268176167e-01       2.128280378319e+03 
       2.033401171046e-01       2.063006987297e+03 
       2.065534191124e-01       1.995501807875e+03 
       2.097667235231e-01       1.927286007091e+03 
       2.129800302270e-01       1.860173775144e+03 
       2.161933391209e-01       1.795614496517e+03 
       2.194066501080e-01       1.734771055633e+03 
       2.226199630968e-01       1.678634168920e+03 
       2.258332780013e-01       1.627537914115e+03 
       2.290465947403e-01       1.581843380390e+03 
       2.322599132371e-01       1.541255495855e+03 
       2.354732334193e-01       1.505398327200e+03 
       2.386865552183e-01       1.473572667613e+03 
       2.418998785693e-01       1.444816951732e+03 
       2.451132034109e-01       1.418167097237e+03 
       2.483265296847e-01       1.392610854975e+03 
       2.515398573357e-01       1.367283112054e+03 
       2.547531863112e-01       1.341476334504e+03 
       2.579665165616e-01       1.314780106767e+03 
       2.611798480395e-01       1.286956604438e+03 
       2.643931806999e-01       1.257976262737e+03 
       2.676065144999e-01       1.228041515302e+03 
       2.708198493987e-01       1.197448004283e+03 
       2.740331853574e-01       1.166630880241e+03 
       2.772465223390e-01       1.136118729736e+03 
       2.804598603081e-01       1.106343262729e+03 
       2.836731992309e-01       1.077833824678e+03 
       2.868865390753e-01       1.050923255637e+03 
       2.900998798104e-01       1.025851002262e+03 
       2.933132214069e-01       1.002666928590e+03 
       2.965265638364e-01       9.813437393162e+02 
       2.997399070723e-01       9.616909801064e+02 
       3.029532510885e-01       9.434746998505e+02 
       3.061665958605e-01       9.264404023000e+02 
       3.093799413645e-01       9.102552605354e+02 
       3.125932875779e-01       8.946517894173e+02 
       3.158066344789e-01       8.793810951265e+02 
       3.190199820466e-01       8.642188220316e+02 
       3.222333302610e-01       8.489327991212e+02 
       3.254466791028e-01       8.334351440175e+02 
       3.286600285536e-01       8.177081646266e+02 
       3.318733785955e-01       8.017550703954e+02 
       3.350867292115e-01       7.857328525587e+02 
       3.383000803851e-01       7.697584887511e+02 
       3.415134321006e-01       7.539748212303e+02 
       3.447267843427e-01       7.385225682425e+02 
       3.479401370967e-01       7.235307357967e+02 
       3.511534903485e-01       7.090781172633e+02 
       3.543668440846e-01       6.952645540554e+02 
       3.575801982918e-01       6.821035478714e+02 
       3.607935529574e-01       6.696484482592e+02 
       3.640069080693e-01       6.578444210026e+02 
       3.672202636157e-01       6.466520879047e+02 
       3.704336195853e-01       6.359699826606e+02 
       3.736469759671e-01       6.257017268307e+02 
       3.768603327504e-01       6.157367359335e+02 
       3.800736899251e-01       6.059611516104e+02 
       3.832870474814e-01       5.963421572430e+02 
       3.865004054095e-01       5.868258663443e+02 
       3.897137637003e-01       5.773463252241e+02 
       3.929271223449e-01       5.679427030981e+02 
       3.961404813346e-01       5.585499100887e+02 
       3.993538406611e-01       5.492436363650e+02 
       4.025672003162e-01       5.399840967060e+02 
       4.057805602921e-01       5.308519477302e+02 
       4.089939205813e-01       5.218741029729e+02 
       4.122072811763e-01       5.130956766860e+02 
       4.154206420700e-01       5.045626936466e+02 
       4.186340032556e-01       4.962655533640e+02 
       4.218473647264e-01       4.882547571997e+02 
       4.250607264758e-01       4.804963715317e+02 
       4.282740884976e-01       4.730074903074e+02 
       4.314874507856e-01       4.657488184034e+02 
       4.347008133339e-01       4.587269677366e+02 
       4.379141761368e-01       4.519068720641e+02 
       4.411275391887e-01       4.452983161515e+02 
       4.443409024842e-01       4.388369646860e+02 
       4.475542660180e-01       4.325096546111e+02 
       4.507676297849e-01       4.262985842962e+02 
       4.539809937801e-01       4.201744122209e+02 
       4.571943579987e-01       4.141222382466e+02 
       4.604077224360e-01       4.081376922484e+02 
       4.636210870874e-01       4.022226803214e+02 
       4.668344519485e-01       3.963831530215e+02 
       4.700478170150e-01       3.906250421217e+02 
       4.732611822826e-01       3.849544603745e+02 
       4.764745477474e-01       3.793773512851e+02 
       4.796879134053e-01       3.739006134185e+02 
       4.829012792524e-01       3.685368642246e+02 
       4.861146452851e-01       3.632987868239e+02 
       4.893280114996e-01       3.581893599721e+02 
       4.925413778923e-01       3.532056424150e+02 
       4.957547444598e-01       3.483634032060e+02 
       4.989681111987e-01       3.436469785296e+02 
       5.021814781057e-01       3.390535051916e+02 
       5.053948451775e-01       3.345484989981e+02 
       5.086082124111e-01       3.301329130941e+02 
       5.118215798034e-01       3.258053991383e+02 
       5.150349473514e-01       3.215555032971e+02 
       5.182483150522e-01       3.173771280528e+02 
       5.214616829029e-01       3.132643601426e+02 
       5.246750509009e-01       3.092104103582e+02 
       5.278884190433e-01       3.052105006019e+02 
       5.311017873277e-01       3.012627803707e+02 
       5.343151557513e-01       2.973690596249e+02 
       5.375285243117e-01       2.935339616319e+02 
       5.407418930065e-01       2.897631369377e+02 
       5.439552618333e-01       2.860611058847e+02 
       5.471686307897e-01       2.824295735661e+02 
       5.503819998734e-01       2.788667611953e+02 
       5.535953690823e-01       2.753723874557e+02 
       5.568087384142e-01       2.719437276242e+02 
       5.600221078669e-01       2.685786673594e+02 
       5.632354774383e-01       2.652801807467e+02 
       5.664488471265e-01       2.620457916006e+02 
       5.696622169294e-01       2.588751130426e+02 
       5.728755868452e-01       2.557642500583e+02 
       5.760889568719e-01       2.527090366087e+02 
       5.793023270077e-01       2.497043764745e+02 
       5.825156972507e-01       2.467460985464e+02 
       5.857290675992e-01       2.438320616499e+02 
       5.889424380515e-01       2.409620967810e+02 
       5.921558086059e-01       2.381365802156e+02 
       5.953691792606e-01       2.353555398795e+02 
       5.985825500142e-01       2.326174541930e+02 
       6.017959208650e-01       2.299206142151e+02 
       6.050092918114e-01       2.272628517595e+02 
       6.082226628520e-01       2.246431055111e+02 
       6.114360339851e-01       2.220623572349e+02 
       6.146494052095e-01       2.195222708433e+02 
       6.178627765237e-01       2.170248818574e+02 
       6.210761479262e-01       2.145709664757e+02 
       6.242895194157e-01       2.121600391560e+02 
       6.275028909908e-01       2.097905028655e+02 
       6.636584584653e-01       1.855345024103e+02 
       7.069597296522e-01       1.613135933876e+02 
       7.612400396424e-01       1.367896868777e+02 
       8.338804383023e-01       1.114295487902e+02 
       9.402231248573e-01       8.480311800847e+01 
       1.110582888560e+00       5.775707875747e+01 
       1.376289012295e+00       3.491927299301e+01 
       1.731171147290e+00       2.019324213953e+01 
       2.179394377784e+00       1.155025432169e+01 
       2.743694908905e+00       6.553279481170e+00 
       3.454107243011e+00       3.690738392446e+00 
       4.348463383289e+00       2.064906104356e+00 
       5.474391055479e+00       1.148206296161e+00 
       6.891850013842e+00       6.349372525255e-01 
       8.676325116699e+00       3.493249513453e-01 
       1.092284617040e+01       1.912869883512e-01 
       1.375104861304e+01       1.042878937309e-01 
       1.731154453777e+01       5.662601474423e-02 
       2.179394333600e+01       3.062800003135e-02 
       2.743694908890e+01       1.650471000369e-02 
       3.454107243011e+01       8.861844846302e-03 
       4.348463383289e+01       4.740563275918e-03 
       5.474391055479e+01       2.525851672735e-03 
       6.891850013842e+01       1.339779699048e-03 
       8.676325116699e+01       7.067870356640e-04 
       1.092284617040e+02       3.702726113134e-04 
       1.375104861304e+02       1.921642008235e-04 
       1.731154453777e+02       9.845123222344e-05 
       2.179394333600e+02       4.954661728771e-05 
       2.743694908890e+02       2.435082592848e-05 
       3.454107243011e+02       1.162306785512e-05 
